0.8248661819636
0.5335684205609131
0.057141897498551586
0.43113333117714414
0.9258950460382511
0.1074421506430765
0.7733838454235848
0.9507885952209746
0.6498231051648747
0.30193112680139633
0.1775901751918224
0.39769586917398747
0.2245055957291766
0.10959840134537824
0.11239399325642618
0.6601232195604751
0.07112096632847897
0.863002414631454
0.0974756365161844
0.39759095928101695
0.7383904868910861
0.6165712882834348
0.9729110059064024
0.35593941342382407
0.0833228244573776
0.3827280373616532
0.6287222764053219
0.0013749827641428292
0.12657270277957355
0.04495509760145022
0.5916276715461233
0.8454533952908615
0.1976700486704832
0.47790233872940313
0.8420837758994983
